
	100,22.6701,0.973967
	125,10.0348,0.457604
	150,5.18086,0.253223
	175,2.95328,0.154386
	200,1.80739,0.101316
	225,1.16509,0.0688042
	250,0.782487,0.0487463
	275,0.54303,0.0354083
	300,0.386936,0.0263602
	325,0.281911,0.0200201
	350,0.209439,0.0154539
	375,0.15806,0.0120956
	400,0.121013,0.00961659
	425,0.093771,0.00773547
	450,0.0734361,0.0062389
	475,0.0580811,0.00505005
	500,0.0463533,0.00416461
	525,0.0372636,0.00346763
	550,0.0301656,0.00288065
	575,0.0245798,0.00240183
	600,0.0201372,0.00204438
	625,0.0165706,0.00170195
	650,0.0137303,0.00143519
	675,0.0113975,0.00121937
	700,0.00951032,0.00104092
	725,0.0079595,0.000885243
	750,0.00669356,0.000769988
	775,0.00563562,0.000654544
	800,0.00475843,0.000564061
	825,0.00402646,0.000478362
	850,0.00342026,0.000412315
	875,0.00290547,0.000366257
	900,0.00249667,0.000314019
	925,0.00212907,0.00026801
	950,0.0018164,0.000242682
	975,0.00156893,0.000217618
	1000,0.00134352,0.000175604
	1025,0.00115949,0.000155683
	1050,0.000997903,0.000133077
	1075,0.00086504,0.000117638
	1100,0.000740372,0.000107178
	1125,0.000647288,9.17503e-05
	1150,0.000555594,8.28113e-05
	1175,0.000486863,6.44736e-05
	1200,0.000415851,5.79252e-05
	1225,0.000362455,5.61888e-05
	1250,0.000316975,4.6491e-05
	1275,0.000276522,4.30197e-05
	1300,0.000240739,3.39561e-05
	1325,0.00020999,2.88259e-05
	1350,0.000185601,3.09793e-05
	1375,0.000161343,2.31066e-05
	1400,0.000131074,1.88826e-05
	1425,0.000121045,1.84156e-05
	1450,0.000110889,1.73553e-05
	1475,9.06868e-05,1.53453e-05
	1500,8.13221e-05,1.40102e-05
