0.898  1.123  0.894  0.802  1.135  1.275  DYJetsToLL_M-50_HT-1200to2500
0.957  1.044  0.947  0.906  1.068  1.115  DYJetsToLL_M-50_HT-200to400
0.876  1.154  0.896  0.784  1.130  1.305  DYJetsToLL_M-50_HT-2500toInf
0.933  1.075  0.914  0.853  1.110  1.193  DYJetsToLL_M-50_HT-400to600
0.921  1.092  0.902  0.830  1.126  1.229  DYJetsToLL_M-50_HT-600to800
0.911  1.105  0.896  0.817  1.132  1.251  DYJetsToLL_M-50_HT-800to1200
1.019  0.968  0.861  0.877  1.198  1.159  DYJetsToLL_M-5to50_HT-100to200
0.973  1.024  0.858  0.835  1.197  1.226  DYJetsToLL_M-5to50_HT-200to400
0.943  1.062  0.863  0.814  1.186  1.260  DYJetsToLL_M-5to50_HT-400to600
0.924  1.087  0.868  0.803  1.175  1.278  DYJetsToLL_M-5to50_HT-600toInf
0.987  1.008  0.961  0.949  1.049  1.058  DYJetsToQQ_HT180
0.863  1.175  0.864  0.746  1.170  1.374  FastSim_SMS-T1ttbb
0.864  1.173  0.864  0.746  1.172  1.374  FastSim_SMS-T1ttbb_deltaM5to25
0.867  1.169  0.861  0.747  1.176  1.374  FastSim_SMS-T1tttt
0.882  1.146  0.845  0.745  1.202  1.378  FastSim_SMS-T2tt_dM-10to80_genHT-160_genMET-80
0.920  1.092  0.834  0.767  1.221  1.334  FastSim_SMS-T2tt_mStop-150to250
0.902  1.117  0.841  0.759  1.209  1.350  FastSim_SMS-T2tt_mStop-250to350
0.894  1.129  0.845  0.755  1.202  1.357  FastSim_SMS-T2tt_mStop-350to400
0.883  1.145  0.851  0.751  1.193  1.365  FastSim_SMS-T2tt_mStop-400to1200
0.868  1.168  0.861  0.747  1.176  1.374  FastSim_SMS-T5qqqqVV
0.868  1.167  0.860  0.747  1.177  1.373  FastSim_SMS-T5qqqqVV_dM10_mLSP-300
0.869  1.167  0.860  0.747  1.177  1.373  FastSim_SMS-T5qqqqVV_dM15_mLSP-300
0.868  1.168  0.861  0.747  1.176  1.374  FastSim_SMS-T5qqqqVV_dM20
0.867  1.169  0.862  0.747  1.175  1.374  FastSim_SMS-T5qqqqVV_dM20_mGlu-600to2000
0.869  1.167  0.860  0.747  1.177  1.373  FastSim_SMS-T5qqqqVV_dM5_mLSP-300
0.867  1.169  0.861  0.747  1.175  1.374  FastSim_SMS-T5ttcc
0.857  1.182  0.868  0.744  1.164  1.376  FastSim_SMS-T5ttcc_mGluino1750to2300
0.864  1.173  0.864  0.746  1.171  1.374  FastSim_SMS-T5tttt
1.022  0.965  0.887  0.906  1.149  1.108  GJets_HT-100To200
0.978  1.018  0.878  0.859  1.161  1.181  GJets_HT-200To400
0.948  1.057  0.877  0.831  1.161  1.226  GJets_HT-400To600
1.083  0.898  0.900  0.974  1.129  1.013  GJets_HT-40To100
0.927  1.084  0.880  0.816  1.155  1.252  GJets_HT-600ToInf
0.899  1.122  0.920  0.828  1.095  1.228  QCD_HT1000to1500
1.016  0.966  0.890  0.904  1.141  1.103  QCD_HT100to200
0.889  1.137  0.924  0.821  1.090  1.239  QCD_HT1500to2000
0.880  1.149  0.926  0.815  1.086  1.249  QCD_HT2000toInf
0.967  1.029  0.900  0.870  1.125  1.158  QCD_HT200to300
0.943  1.061  0.906  0.855  1.115  1.183  QCD_HT300to500
0.923  1.089  0.912  0.842  1.106  1.204  QCD_HT500to700
1.098  0.873  0.880  0.966  1.158  1.011  QCD_HT50to100
0.911  1.106  0.916  0.835  1.101  1.217  QCD_HT700to1000
1.023  0.972  0.947  0.969  1.065  1.036  ST_s-channel_4f_InclusiveDecays
1.003  1.001  0.940  0.941  1.064  1.067  ST_t-channel_antitop_4f_inclusiveDecays
1.002  1.003  0.941  0.942  1.062  1.067  ST_t-channel_top_4f_inclusiveDecays
0.000  0.000  0.000  0.000  0.000  0.000  ST_tW_antitop_5f_NoFullyHadronicDecays
0.000  0.000  0.000  0.000  0.000  0.000  ST_tW_antitop_5f_inclusiveDecays
0.000  0.000  0.000  0.000  0.000  0.000  ST_tW_top_5f_NoFullyHadronicDecays
0.000  0.000  0.000  0.000  0.000  0.000  ST_tW_top_5f_inclusiveDecays
0.920  1.096  0.748  0.688  1.386  1.521  TTGJets
0.930  1.079  0.831  0.772  1.227  1.324  TTJets_madgraphMLM-pythia8
0.930  1.079  0.831  0.772  1.227  1.324  TTJets_madgraphMLM_FastSim
0.893  1.132  0.720  0.643  1.430  1.617  TTTT
0.952  1.057  0.800  0.763  1.283  1.357  TTWJetsToLNu
0.952  1.057  0.800  0.763  1.283  1.358  TTWJetsToQQ
0.942  1.068  0.832  0.784  1.224  1.306  TTZToLLNuNu
0.942  1.069  0.833  0.784  1.222  1.305  TTZToQQ
0.981  1.026  0.897  0.875  1.114  1.136  TT_powheg-pythia8
0.964  1.037  0.948  0.914  1.065  1.105  WGJets_MonoPhoton_PtG-130
1.029  0.962  0.969  0.997  1.040  1.002  WGJets_MonoPhoton_PtG-40to130
1.106  0.885  0.990  1.096  1.013  0.897  WGToLNuG
0.992  1.006  0.811  0.805  1.272  1.281  WJetsToLNu_Pt-100To250
0.955  1.051  0.812  0.776  1.265  1.329  WJetsToLNu_Pt-250To400
0.938  1.073  0.816  0.765  1.257  1.347  WJetsToLNu_Pt-400To600
0.923  1.092  0.820  0.756  1.248  1.362  WJetsToLNu_Pt-600ToInf
1.074  0.914  0.933  1.006  1.094  1.004  WJetsToLNu_Wpt-0To50
0.980  1.017  0.961  0.942  1.048  1.066  WJetsToLNu_Wpt-100to200
0.945  1.061  0.956  0.904  1.053  1.117  WJetsToLNu_Wpt-200toInf
1.028  0.964  0.820  0.845  1.260  1.217  WJetsToLNu_Wpt-50To100
0.984  1.010  0.954  0.939  1.059  1.071  WJetsToQQ_HT180
1.013  0.984  0.979  0.993  1.025  1.011  WWTo2L2Nu
1.013  0.984  0.979  0.993  1.025  1.011  WWTo4Q
1.013  0.984  0.979  0.993  1.025  1.011  WWToLNuQQ
0.993  1.008  0.960  0.954  1.048  1.058  WWW
0.987  1.015  0.959  0.946  1.050  1.066  WWZ
1.004  0.991  0.893  0.898  1.144  1.136  WZTo1L1Nu2Q
1.004  0.990  0.889  0.894  1.151  1.142  WZTo1L3Nu
1.032  0.955  0.894  0.925  1.144  1.096  WZTo2L2Q
1.004  0.991  0.894  0.899  1.143  1.135  WZTo2Q2Nu
1.031  0.960  0.910  0.942  1.122  1.081  WZTo3LNu
0.982  1.021  0.957  0.940  1.051  1.074  WZZ
1.053  0.933  0.900  0.950  1.135  1.061  ZGTo2NuG
0.989  1.004  0.963  0.953  1.046  1.050  ZJetsToNuNu_HT-100To200
0.898  1.123  0.893  0.802  1.135  1.275  ZJetsToNuNu_HT-1200To2500
0.957  1.044  0.947  0.906  1.068  1.115  ZJetsToNuNu_HT-200To400
0.876  1.154  0.895  0.784  1.130  1.305  ZJetsToNuNu_HT-2500ToInf
0.933  1.075  0.914  0.853  1.111  1.194  ZJetsToNuNu_HT-400To600
0.921  1.092  0.901  0.830  1.126  1.230  ZJetsToNuNu_HT-600To800
0.911  1.105  0.896  0.816  1.133  1.252  ZJetsToNuNu_HT-800To1200
0.923  1.089  0.928  0.857  1.090  1.187  ZJetsToQQ_HT600toInf
1.014  0.983  0.984  0.999  1.018  1.004  ZZTo2L2Nu
1.036  0.951  0.906  0.941  1.128  1.076  ZZTo2L2Q
1.013  0.980  0.904  0.918  1.130  1.109  ZZTo2Q2Nu
1.050  0.928  0.982  1.038  1.024  0.957  ZZTo4L
1.014  0.980  0.904  0.918  1.130  1.110  ZZTo4Q
0.999  1.002  0.971  0.970  1.035  1.037  ZZZ
